[compact_binary_systems.tiff]
text=1;153;17;NASA/CXC/M. Weiss;Helvetica Neue Light;0.008789,0.953104,0.033333,0.000000;v1,4289045925,4278190080,128.000000,1.000000,0.000000,1.000000,400,0,49152;;
backuphash=43829
textactive=1
[grb050709_ill.jpg]
text=1;139;4;NASA;Helvetica Neue Light;0.015363,0.943984,0.033333,0.000000;v1,4289045925,4278190080,128.000000,1.000000,0.000000,1.000000,400,0,49152;;
backuphash=49631
textactive=1
